Analog Channels
0    	    1    	    2    	    3    
Signal	    Baseline	    Trig data	    Energy
1944	    1944	    1947	    3709
1946	    1946	    1949	    5790
1949	    1946	    1949	    5790
1946	    1946	    1945	    5790
1939	    1946	    1944	    5790
1949	    1946	    1951	    5790
1950	    1946	    1950	    5790
1942	    1946	    1940	    5790
1947	    1946	    1952	    5790
1947	    1946	    1949	    5790
1948	    1946	    1946	    5790
1945	    1946	    1946	    5790
1943	    1946	    1946	    5790
1947	    1946	    1949	    5790
1950	    1946	    1948	    5790
1945	    1946	    1945	    5790
1946	    1946	    1945	    5790
1949	    1946	    1949	    5790
1950	    1946	    1948	    5790
1943	    1946	    1944	    5790
1944	    1946	    1946	    5790
1951	    1946	    1953	    5790
1949	    1946	    1946	    5790
1942	    1946	    1943	    5790
1948	    1946	    1948	    5790
1953	    1946	    1951	    5790
1945	    1946	    1940	    5790
1939	    1946	    1943	    5790
1946	    1946	    1953	    5790
1953	    1946	    1952	    5790
1948	    1946	    1943	    5790
1943	    1946	    1942	    5790
1943	    1946	    1948	    5790
1949	    1946	    1951	    5790
1950	    1946	    1946	    5790
1948	    1946	    1943	    5790
1943	    1946	    1945	    5790
1952	    1946	    1947	    5790
1951	    1946	    1949	    5790
1943	    1946	    1941	    5790
1944	    1946	    1946	    5790
1945	    1946	    1948	    5790
1948	    1946	    1949	    5790
1945	    1946	    1945	    5790
1948	    1946	    1946	    5790
1949	    1946	    1945	    5790
1945	    1946	    1943	    5790
1946	    1946	    1947	    5790
1950	    1946	    1949	    5790
1947	    1946	    1944	    5790
1942	    1946	    1945	    5790
1944	    1946	    1948	    5790
1949	    1946	    1950	    5790
1950	    1946	    1945	    5790
1944	    1946	    1943	    5790
1941	    1946	    1945	    5790
1946	    1946	    1952	    5790
1953	    1946	    1952	    5790
1949	    1946	    1942	    5790
1943	    1946	    1941	    5790
1946	    1946	    1948	    5790
1951	    1946	    1949	    5790
1945	    1946	    1942	    5790
1942	    1946	    1945	    5790
1948	    1946	    1951	    5790
1951	    1946	    1949	    5790
1943	    1946	    1943	    5790
1939	    1946	    1946	    5790
1952	    1946	    1952	    5790
1954	    1946	    1948	    5790
1945	    1946	    1939	    5790
1942	    1946	    1944	    5790
1949	    1946	    1952	    5790
1949	    1946	    1948	    5790
1943	    1946	    1944	    5790
1944	    1946	    1947	    5790
1950	    1946	    1953	    5790
1947	    1946	    1946	    5790
1942	    1946	    1944	    5790
1945	    1946	    1949	    5790
1948	    1946	    1949	    5790
1945	    1946	    1945	    5790
1949	    1946	    1946	    5790
1950	    1946	    1947	    5790
1945	    1946	    1944	    5790
1941	    1946	    1944	    5790
1946	    1946	    1951	    5790
1950	    1946	    1950	    5790
1949	    1946	    1944	    5790
1943	    1946	    1942	    5790
1943	    1946	    1949	    5790
1948	    1946	    1951	    5790
1951	    1946	    1948	    5790
1946	    1946	    1941	    5790
1941	    1946	    1944	    5790
1946	    1946	    1950	    5790
1953	    1946	    1951	    5790
1952	    1946	    1944	    5790
1936	    1946	    1937	    5790
1943	    1946	    1954	    5790
1954	    1946	    1957	    5790
1947	    1946	    1944	    5790
1940	    1946	    1941	    5790
1947	    1946	    1951	    5790
1947	    1946	    1950	    5790
1945	    1946	    1945	    5790
1948	    1946	    1950	    5790
1948	    1946	    1947	    5790
1944	    1946	    1944	    5790
1948	    1946	    1947	    5790
1949	    1946	    1947	    5790
1949	    1946	    1945	    5790
1943	    1946	    1945	    5790
1945	    1946	    1947	    5790
1950	    1946	    1950	    5790
1949	    1946	    1945	    5790
1947	    1946	    1942	    5790
1947	    1946	    1946	    5790
1947	    1946	    1948	    5790
1948	    1946	    1945	    5790
1948	    1946	    1946	    5790
1948	    1946	    1946	    5790
1948	    1946	    1946	    5790
1948	    1946	    1946	    5790
1947	    1946	    1945	    5790
1947	    1946	    1945	    5790
1947	    1946	    1947	    5790
1944	    1946	    1945	    5790
1949	    1946	    1948	    5790
1947	    1946	    1947	    5790
1949	    1946	    1946	    5790
1950	    1946	    1946	    5790
1947	    1946	    1944	    5790
1946	    1946	    1945	    5790
1948	    1946	    1947	    5790
1947	    1946	    1948	    5790
1947	    1946	    1947	    5790
1948	    1946	    1946	    5790
1944	    1946	    1945	    5790
1944	    1946	    1947	    5790
1950	    1946	    1950	    5790
1947	    1946	    1944	    5790
1942	    1946	    1942	    5790
1948	    1946	    1949	    5790
1952	    1946	    1950	    5790
1945	    1946	    1942	    5790
1950	    1946	    1943	    5790
2030	    1946	    1951	    5790
2110	    1946	    1991	    5790
2161	    1946	    2071	    5790
2194	    1946	    2134	    5790
2206	    1946	    2177	    5790
2216	    1946	    2205	    5790
2213	    1946	    2215	    5790
2208	    1946	    2220	    5790
2190	    1946	    2207	    5790
2171	    1946	    2197	    5790
2161	    1946	    2180	    5790
2136	    1946	    2166	    5790
2116	    1946	    2141	    5790
2101	    1946	    2132	    5790
2083	    1946	    2113	    5790
2066	    1946	    2089	    5790
2057	    1946	    2078	    5790
2043	    1946	    2060	    5790
2026	    1946	    2048	    5790
2018	    1946	    2030	    5790
2010	    1946	    2026	    5790
2004	    1946	    2016	    5790
1994	    1946	    2003	    5790
1993	    1946	    2004	    5790
1986	    1946	    1992	    5790
1977	    1946	    1991	    5790
1976	    1946	    1984	    5790
1968	    1946	    1977	    5790
1968	    1946	    1972	    5790
1965	    1946	    1972	    5790
1966	    1946	    1967	    5790
1964	    1946	    1962	    5790
1960	    1946	    1961	    5790
1956	    1946	    1958	    5790
1954	    1946	    1961	    5790
1955	    1946	    1959	    5790
1956	    1946	    1956	    5790
1955	    1946	    1951	    5790
1950	    1946	    1950	    5790
1949	    1946	    1956	    5790
1956	    1946	    1957	    5790
1951	    1946	    1953	    5790
1950	    1946	    1946	    3709
1946	    1946	    1950	    3709
1948	    1946	    1951	    3709
1957	    1946	    1954	    3709
1950	    1946	    1946	    3709
1942	    1946	    1945	    3709
1950	    1946	    1956	    3709
1953	    1946	    1955	    3709
1946	    1946	    1945	    3709
1941	    1946	    1945	    3709
1947	    1946	    1954	    3709
1952	    1946	    1948	    3709
1945	    1946	    1943	    3709
1945	    1946	    1944	    3709
1948	    1946	    1948	    3709
1946	    1946	    1947	    3709
1944	    1946	    1946	    3709
1948	    1946	    1950	    3709
1951	    1946	    1946	    3709
1944	    1946	    1943	    3709
1944	    1946	    1943	    3709
1945	    1946	    1948	    3709
1951	    1946	    1945	    3709
1947	    1946	    1943	    3709
1941	    1946	    1939	    3709
1945	    1946	    1946	    3709
1949	    1946	    1948	    3709
1950	    1946	    1944	    3709
1938	    1946	    1941	    3709
1949	    1946	    1948	    3709
1951	    1946	    1950	    3709
1944	    1946	    1942	    3709
1940	    1946	    1943	    3709
1947	    1946	    1950	    3709
1952	    1946	    1947	    3709
1942	    1946	    1941	    3709
1939	    1946	    1943	    3709
1947	    1946	    1951	    3709
1949	    1946	    1946	    3709
1945	    1946	    1940	    3709
1942	    1946	    1941	    3709
1948	    1946	    1947	    3709
1951	    1946	    1948	    3709
1941	    1946	    1941	    3709
1939	    1946	    1944	    3709
1952	    1946	    1956	    3709
1951	    1946	    1945	    3709
1945	    1946	    1937	    3709
1938	    1946	    1940	    3709
1943	    1946	    1949	    3709
1948	    1946	    1949	    3709
1944	    1946	    1944	    3709
1943	    1946	    1943	    3709
1947	    1946	    1948	    3709
1942	    1946	    1944	    3709
1939	    1946	    1942	    3709
1950	    1946	    1950	    3709
1950	    1946	    1945	    3709
1939	    1946	    1942	    3709
1947	    1946	    1952	    3709
1955	    1946	    1956	    3709
1947	    1946	    1940	    3709
1941	    1946	    1942	    3709
1945	    1946	    1949	    3709
1947	    1946	    1949	    3709
1950	    1946	    1945	    3709
1948	    1946	    1946	    3709
1944	    1946	    1945	    3709
1943	    1946	    1947	    3709
1947	    1946	    1949	    3709
1950	    1946	    1947	    3709
1942	    1946	    1941	    3709
1940	    1946	    1944	    3709
1950	    1946	    1952	    3709
1951	    1946	    1946	    3709
1943	    1946	    1936	    3709
1944	    1946	    1944	    3709
1949	    1946	    1953	    3709
1947	    1946	    1949	    3709
1945	    1946	    1943	    3709
1945	    1946	    1947	    3709
1948	    1946	    1948	    3709
1945	    1946	    1943	    3709
1943	    1946	    1943	    3709
1943	    1946	    1946	    3709
1950	    1946	    1946	    3709
1946	    1946	    1942	    3709
1941	    1946	    1941	    3709
1945	    1946	    1946	    3709
1953	    1946	    1947	    3709
1943	    1946	    1939	    3709
1944	    1946	    1947	    3709
1947	    1946	    1951	    3709
1946	    1946	    1947	    3709
1941	    1946	    1946	    3709
1941	    1946	    1946	    3709
1946	    1946	    1949	    3709
1945	    1946	    1943	    3709
1942	    1946	    1942	    3709
1945	    1946	    1944	    3709
1944	    1946	    1945	    3709
1941	    1946	    1942	    3709
1939	    1946	    1943	    3709
1943	    1946	    1947	    3709
1945	    1946	    1946	    3709
1944	    1946	    1942	    3709
1940	    1946	    1942	    3709
1942	    1946	    1945	    3709
1943	    1946	    1944	    3709
1951	    1946	    1948	    3709
1943	    1946	    1940	    3709
1938	    1946	    1940	    3709
1946	    1946	    1949	    3709
1949	    1946	    1945	    3709
1942	    1946	    1940	    3709
1942	    1946	    1944	    3709
1944	    1946	    1947	    3709
1944	    1946	    1946	    3709
1947	    1946	    1944	    3709
1944	    1946	    1944	    3709
1940	    1945	    1938	    3709
1944	    1945	    1948	    3709
1946	    1945	    1946	    3709
1944	    1946	    1943	    3709
1944	    1946	    1945	    3709
1943	    1946	    1944	    3709
1944	    1946	    1945	    3709
1946	    1946	    1944	    3709
1944	    1946	    1942	    3709
1942	    1946	    1943	    3709
1945	    1946	    1946	    3709
1946	    1946	    1947	    3709
1945	    1945	    1944	    3709
1943	    1945	    1943	    3709
1944	    1945	    1945	    3709
1943	    1945	    1945	    3709
1943	    1945	    1943	    3709
1944	    1945	    1944	    3709
1946	    1945	    1945	    3709
1940	    1945	    1941	    3709
1937	    1945	    1942	    3709
1946	    1945	    1950	    3709
1948	    1945	    1946	    3709
1939	    1945	    1937	    3709
1939	    1945	    1943	    3709
1945	    1945	    1949	    3709
1945	    1945	    1944	    3709
1943	    1945	    1942	    3709
1945	    1945	    1943	    3709
1940	    1945	    1946	    3709
1941	    1945	    1945	    3709
1945	    1945	    1945	    3709
1947	    1945	    1943	    3709
1946	    1945	    1939	    3709
1942	    1945	    1942	    3709
1945	    1945	    1947	    3709
1948	    1945	    1946	    3709
1946	    1945	    1942	    3709
1942	    1945	    1941	    3709
1942	    1945	    1944	    3709
1948	    1945	    1946	    3709
1949	    1945	    1944	    3709
1942	    1945	    1939	    3709
1938	    1945	    1942	    3709
1948	    1945	    1950	    3709
1952	    1945	    1945	    3709
1940	    1945	    1934	    3709
1935	    1945	    1941	    3709
1947	    1945	    1951	    3709
1950	    1945	    1947	    3709
1942	    1945	    1937	    3709
1940	    1945	    1941	    3709
1945	    1945	    1946	    3709
1946	    1945	    1944	    3709
1939	    1945	    1939	    3709
1943	    1945	    1945	    3709
1948	    1945	    1946	    3709
1944	    1945	    1940	    3709
1942	    1945	    1942	    3709
1941	    1945	    1945	    3709
1945	    1945	    1945	    3709
1944	    1945	    1941	    3709
1942	    1945	    1941	    3709
1943	    1945	    1944	    3709
1946	    1945	    1945	    3709
1942	    1945	    1942	    3709
1941	    1945	    1942	    3709
1943	    1944	    1946	    3709
1944	    1944	    1946	    3709
1942	    1944	    1944	    3709
1941	    1944	    1945	    3709
1946	    1944	    1947	    3709
1946	    1944	    1944	    3709
1942	    1944	    1943	    3709
1946	    1944	    1944	    3709
1947	    1944	    1944	    3709
1943	    1944	    1942	    3709
1940	    1944	    1942	    3709
1941	    1944	    1947	    3709
1945	    1944	    1947	    3709
1947	    1944	    1946	    3709
1941	    1944	    1939	    3709
1937	    1944	    1943	    3709
1943	    1944	    1949	    3709
1952	    1944	    1948	    3709
1947	    1944	    1938	    3709
1936	    1944	    1935	    3709
1941	    1944	    1948	    3709
1950	    1944	    1950	    3709
1948	    1944	    1939	    3709
1932	    1944	    1939	    3709
1942	    1944	    1949	    3709
1952	    1944	    1952	    3709
1941	    1944	    1936	    3709
1939	    1944	    1939	    3709
1949	    1944	    1949	    3709
1945	    1944	    1943	    3709
1943	    1944	    1940	    3709
1945	    1944	    1945	    3709
1945	    1944	    1944	    3709
1941	    1944	    1941	    3709
1938	    1944	    1944	    3709
1944	    1944	    1948	    3709
1950	    1944	    1945	    3709
1940	    1944	    1939	    3709
1937	    1944	    1942	    3709
1944	    1944	    1951	    3709
1949	    1944	    1947	    3709
1946	    1944	    1942	    3709
1940	    1944	    1939	    3709
1942	    1944	    1946	    3709
1947	    1944	    1949	    3709
1943	    1944	    1942	    3709
1941	    1944	    1941	    3709
1941	    1944	    1945	    3709
1944	    1944	    1947	    3709
1939	    1944	    1943	    3709
1942	    1944	    1947	    3709
1943	    1944	    1947	    3709
1945	    1944	    1944	    3709
1943	    1944	    1942	    3709
1942	    1944	    1944	    3709
1942	    1944	    1945	    3709
1946	    1944	    1947	    3709
1946	    1944	    1944	    3709
1938	    1944	    1939	    3709
1944	    1944	    1946	    3709
1951	    1944	    1949	    3709
1944	    1944	    1939	    3709
1938	    1944	    1939	    3709
1946	    1944	    1950	    3709
1950	    1944	    1947	    3709
1941	    1944	    1937	    3709
1940	    1944	    1941	    3709
1944	    1944	    1947	    3709
1943	    1944	    1945	    3709
1943	    1944	    1943	    3709
1948	    1944	    1945	    3709
1945	    1944	    1942	    3709
1940	    1944	    1939	    3709
1942	    1944	    1945	    3709
1947	    1944	    1947	    3709
1945	    1944	    1942	    3709
1942	    1944	    1940	    3709
1943	    1944	    1944	    3709
1944	    1944	    1946	    3709
1947	    1944	    1943	    3709
1945	    1944	    1943	    3709
1940	    1944	    1941	    3709
1939	    1944	    1944	    3709
1945	    1944	    1946	    3709
1948	    1944	    1948	    3709
1941	    1944	    1940	    3709
1943	    1944	    1943	    3709
1945	    1944	    1947	    3709
1944	    1944	    1944	    3709
1943	    1944	    1942	    3709
1943	    1944	    1943	    3709
1942	    1944	    1944	    3709
1945	    1944	    1945	    3709
1946	    1944	    1944	    3709
1943	    1944	    1942	    3709
1941	    1944	    1944	    3709
1945	    1944	    1947	    3709
1945	    1944	    1945	    3709
1942	    1944	    1942	    3709
1942	    1944	    1942	    3709
1944	    1944	    1945	    3709
1940	    1944	    1943	    3709
1942	    1944	    1944	    3709
1949	    1944	    1948	    3709
1946	    1944	    1942	    3709
1940	    1944	    1939	    3709
1941	    1944	    1944	    3709
1945	    1944	    1948	    3709
1947	    1944	    1944	    3709
1945	    1944	    1941	    3709
1944	    1943	    1944	    3709
1940	    1944	    1942	    3709
1942	    1944	    1945	    3709
1944	    1944	    1943	    3709
1947	    1944	    1948	    3709
1942	    1944	    1941	    3709
1945	    1944	    1944	    3709
1953	    1943	    1950	    3709
1941	    1943	    1939	    3709
1938	    1943	    1939	    3709
1946	    1944	    1952	    3709
1943	    1944	    1945	    3709
1945	    1944	    1943	    3709
1948	    1944	    1945	    3709
1941	    1944	    1941	    3709
1942	    1944	    1943	    3709
1949	    1944	    1946	    3709
1946	    1944	    1942	    3709
1939	    1944	    1937	    3709
1943	    1944	    1944	    3709
1944	    1944	    1949	    3709
1948	    1944	    1945	    3709
1945	    1944	    1942	    3709
1940	    1944	    1940	    3709
1941	    1944	    1945	    3709
1945	    1944	    1948	    3709
1948	    1944	    1944	    3709
1945	    1944	    1941	    3709
1943	    1944	    1941	    3709
1943	    1944	    1944	    3709
1947	    1944	    1946	    3709
1944	    1944	    1943	    3709
1939	    1944	    1941	    3709
1942	    1944	    1946	    3709
1948	    1944	    1947	    3709
1945	    1944	    1942	    3709
1939	    1944	    1941	    3709
1942	    1944	    1947	    3709
1950	    1944	    1949	    3709
1946	    1944	    1942	    3709
1940	    1944	    1939	    3709
1943	    1944	    1944	    3709
1946	    1944	    1946	    3709
1942	    1944	    1943	    3709
1939	    1944	    1941	    3709
1946	    1944	    1948	    3709
1949	    1944	    1946	    3709
1942	    1944	    1939	    3709
1940	    1944	    1942	    3709
1947	    1944	    1948	    3709
1946	    1944	    1945	    3709
1944	    1944	    1939	    3709
1940	    1944	    1942	    3709
1943	    1944	    1945	    3709
1944	    1944	    1947	    3709
1941	    1944	    1942	    3709
1946	    1944	    1946	    3709
1943	    1944	    1943	    3709
1942	    1944	    1942	    3709
1941	    1944	    1945	    3709
1946	    1944	    1946	    3709
1945	    1944	    1944	    3709
1945	    1944	    1942	    3709
1935	    1944	    1941	    3709
1944	    1944	    1950	    3709
1949	    1944	    1948	    3709
1945	    1944	    1938	    3709
1931	    1944	    1937	    3709
1944	    1944	    1952	    3709
1951	    1944	    1951	    3709
1944	    1944	    1937	    3709
1936	    1944	    1939	    3709
1943	    1943	    1950	    3709
1952	    1943	    1950	    3709
1946	    1943	    1940	    3709
1937	    1944	    1937	    3709
1939	    1944	    1948	    3709
1945	    1944	    1951	    3709
1946	    1944	    1945	    3709
1942	    1944	    1941	    3709
1944	    1944	    1944	    3709
1946	    1944	    1945	    3709
1943	    1944	    1943	    3709
1941	    1944	    1944	    3709
1947	    1944	    1946	    3709
1949	    1944	    1943	    3709
1941	    1944	    1938	    3709
1941	    1944	    1942	    3709
1948	    1944	    1950	    3709
1947	    1944	    1943	    3709
1940	    1944	    1938	    3709
1944	    1944	    1945	    3709
1948	    1944	    1947	    3709
1944	    1944	    1941	    3709
1943	    1944	    1944	    3709
1944	    1944	    1945	    3709
1948	    1944	    1945	    3709
1943	    1944	    1941	    3709
1942	    1944	    1942	    3709
1948	    1944	    1946	    3709
1946	    1944	    1943	    3709
1942	    1944	    1940	    3709
1948	    1944	    1946	    3709
1944	    1944	    1944	    3709
1940	    1944	    1942	    3709
1949	    1944	    1948	    3709
1943	    1944	    1943	    3709
1938	    1944	    1942	    3709
1949	    1944	    1948	    3709
1949	    1944	    1943	    3709
1941	    1944	    1936	    3709
1939	    1944	    1944	    3709
1949	    1944	    1950	    3709
1951	    1944	    1943	    3709
1941	    1944	    1935	    3709
1938	    1944	    1942	    3709
1947	    1944	    1950	    3709
1947	    1944	    1946	    3709
1942	    1944	    1939	    3709
1942	    1944	    1945	    3709
1945	    1944	    1947	    3709
1944	    1944	    1944	    3709
1943	    1944	    1943	    3709
1938	    1944	    1945	    3709
1947	    1944	    1952	    3709
1943	    1944	    1945	    3709
1940	    1944	    1939	    3709
1941	    1944	    1945	    3709
1945	    1944	    1944	    3709
1940	    1944	    1942	    3709
1945	    1944	    1943	    3709
1944	    1944	    1948	    3709
1947	    1944	    1943	    3709
1944	    1944	    1941	    3709
1940	    1944	    1941	    3709
1946	    1944	    1948	    3709
1949	    1944	    1947	    3709
1942	    1944	    1939	    3709
1942	    1944	    1943	    3709
1945	    1944	    1947	    3709
1944	    1944	    1943	    3709
1943	    1944	    1943	    3709
1942	    1944	    1945	    3709
1943	    1944	    1945	    3709
1945	    1944	    1945	    3709
1945	    1944	    1944	    3709
1944	    1944	    1944	    3709
1945	    1944	    1944	    3709
1945	    1944	    1943	    3709
1942	    1944	    1943	    3709
1941	    1944	    1944	    3709
1946	    1944	    1948	    3709
1945	    1944	    1945	    3709
1942	    1944	    1941	    3709
1945	    1944	    1947	    3709
1946	    1944	    1948	    3709
1947	    1944	    1944	    3709
1943	    1944	    1941	    3709
1942	    1944	    1943	    3709
1946	    1944	    1947	    3709
1946	    1944	    1945	    3709
1944	    1944	    1940	    3709
1943	    1944	    1943	    3709
1940	    1944	    1944	    3709
1941	    1944	    1945	    3709
1947	    1944	    1948	    3709
1947	    1944	    1945	    3709
1940	    1944	    1942	    3709
1941	    1944	    1945	    3709
1948	    1944	    1948	    3709
1946	    1944	    1944	    3709
1943	    1944	    1940	    3709
1939	    1944	    1944	    3709
1941	    1944	    1947	    3709
1946	    1944	    1948	    3709
1944	    1944	    1943	    3709
1942	    1944	    1943	    3709
1944	    1944	    1945	    3709
1944	    1944	    1945	    3709
1946	    1944	    1944	    3709
1946	    1944	    1943	    3709
1944	    1944	    1942	    3709
1945	    1944	    1943	    3709
1945	    1944	    1943	    3709
1944	    1944	    1943	    3709
1945	    1944	    1944	    3709
1942	    1944	    1944	    3709
1944	    1944	    1946	    3709
1948	    1944	    1948	    3709
1944	    1944	    1942	    3709
1943	    1944	    1942	    3709
1945	    1944	    1948	    3709
1946	    1944	    1944	    3709
1946	    1944	    1943	    3709
1948	    1944	    1942	    3709
1941	    1944	    1943	    3709
1943	    1944	    1942	    3709
1948	    1944	    1947	    3709
1944	    1944	    1941	    3709
1942	    1944	    1942	    3709
1948	    1944	    1946	    3709
1947	    1944	    1944	    3709
1939	    1944	    1939	    3709
1942	    1944	    1946	    3709
1953	    1944	    1949	    3709
1948	    1944	    1940	    3709
1939	    1944	    1937	    3709
1941	    1944	    1947	    3709
1948	    1944	    1950	    3709
1946	    1944	    1944	    3709
1942	    1944	    1941	    3709
1945	    1944	    1946	    3709
1945	    1944	    1945	    3709
1938	    1944	    1943	    3709
1947	    1944	    1946	    3709
1943	    1944	    1945	    3709
1938	    1944	    1941	    3709
1945	    1944	    1948	    3709
1949	    1944	    1948	    3709
1945	    1944	    1941	    3709
1941	    1944	    1942	    3709
1944	    1944	    1947	    3709
1947	    1944	    1947	    3709
1945	    1944	    1944	    3709
1945	    1944	    1941	    3709
1942	    1944	    1943	    3709
1941	    1944	    1945	    3709
1948	    1944	    1949	    3709
1949	    1944	    1944	    3709
1940	    1944	    1939	    3709
1939	    1944	    1944	    3709
1947	    1944	    1951	    3709
1951	    1944	    1946	    3709
1945	    1944	    1938	    3709
1939	    1944	    1940	    3709
1943	    1944	    1947	    3709
1947	    1944	    1949	    3709
1946	    1944	    1942	    3709
1939	    1944	    1941	    3709
1944	    1944	    1946	    3709
1951	    1944	    1948	    3709
1944	    1944	    1939	    3709
1939	    1944	    1940	    3709
1942	    1943	    1949	    3709
1953	    1943	    1949	    3709
1944	    1943	    1938	    3709
1938	    1944	    1937	    3709
1949	    1944	    1949	    3709
1947	    1944	    1945	    3709
1937	    1944	    1939	    3709
1944	    1944	    1948	    3709
1951	    1944	    1950	    3709
1944	    1944	    1939	    3709
1940	    1944	    1941	    3709
1944	    1944	    1949	    3709
1950	    1944	    1948	    3709
1946	    1944	    1942	    3709
1942	    1944	    1939	    3709
1946	    1944	    1945	    3709
1946	    1944	    1947	    3709
1939	    1944	    1937	    3709
1945	    1944	    1947	    3709
1947	    1944	    1949	    3709
1944	    1944	    1942	    3709
1943	    1944	    1943	    3709
1942	    1944	    1945	    3709
1946	    1944	    1946	    3709
1949	    1944	    1945	    3709
1945	    1944	    1941	    3709
1938	    1944	    1941	    3709
1944	    1944	    1949	    3709
1949	    1944	    1949	    3709
1942	    1944	    1940	    3709
1941	    1944	    1942	    3709
1947	    1944	    1952	    3709
1948	    1944	    1942	    3709
1943	    1944	    1939	    3709
1938	    1944	    1941	    3709
1946	    1944	    1948	    3709
1950	    1944	    1947	    3709
1942	    1944	    1939	    3709
1942	    1944	    1943	    3709
1942	    1944	    1947	    3709
1945	    1944	    1948	    3709
1945	    1944	    1943	    3709
1943	    1944	    1943	    3709
1947	    1944	    1945	    3709
1946	    1944	    1942	    3709
1941	    1944	    1942	    3709
1945	    1944	    1946	    3709
1950	    1944	    1949	    3709
1945	    1944	    1939	    3709
1938	    1944	    1940	    3709
1944	    1944	    1948	    3709
1947	    1944	    1948	    3709
1942	    1944	    1942	    3709
1941	    1944	    1944	    3709
1944	    1944	    1948	    3709
1947	    1944	    1946	    3709
1943	    1944	    1942	    3709
1943	    1944	    1943	    3709
1946	    1944	    1944	    3709
1948	    1944	    1946	    3709
1950	    1944	    1942	    3709
1942	    1944	    1945	    3709
1942	    1944	    1946	    3709
1945	    1944	    1948	    3709
1942	    1944	    1943	    3709
1941	    1944	    1943	    3709
1945	    1944	    1947	    3709
1948	    1944	    1945	    3709
1942	    1944	    1941	    3709
1942	    1944	    1945	    3709
1946	    1944	    1948	    3709
1946	    1944	    1946	    3709
1944	    1944	    1942	    3709
1941	    1944	    1943	    3709
1943	    1944	    1947	    3709
1949	    1944	    1949	    3709
1948	    1944	    1943	    3709
1941	    1944	    1939	    3709
1940	    1944	    1945	    3709
1949	    1944	    1949	    3709
1950	    1944	    1947	    3709
1943	    1944	    1934	    3709
1941	    1944	    1942	    3709
1946	    1944	    1947	    3709
1948	    1944	    1946	    3709
1944	    1944	    1942	    3709
1945	    1944	    1943	    3709
1947	    1944	    1944	    3709
1944	    1944	    1943	    3709
1943	    1944	    1943	    3709
1946	    1944	    1946	    3709
1946	    1944	    1944	    3709
1944	    1944	    1943	    3709
1946	    1944	    1945	    3709
1949	    1944	    1945	    3709
1946	    1944	    1942	    3709
1942	    1944	    1940	    3709
1943	    1944	    1946	    3709
1948	    1944	    1947	    3709
1948	    1944	    1943	    3709
1943	    1944	    1940	    3709
1942	    1944	    1942	    3709
1945	    1944	    1947	    3709
1947	    1944	    1946	    3709
1943	    1944	    1942	    3709
1942	    1944	    1944	    3709
1946	    1944	    1948	    3709
1946	    1944	    1945	    3709
1943	    1944	    1942	    3709
1944	    1944	    1944	    3709
1949	    1944	    1946	    3709
1943	    1944	    1942	    3709
1940	    1944	    1942	    3709
1944	    1944	    1948	    3709
1944	    1944	    1945	    3709
1943	    1944	    1943	    3709
1944	    1944	    1943	    3709
1944	    1944	    1944	    3709
1941	    1944	    1944	    3709
1945	    1944	    1946	    3709
1948	    1944	    1946	    3709
1948	    1944	    1942	    3709
1938	    1944	    1938	    3709
1944	    1944	    1946	    3709
1950	    1944	    1950	    3709
1942	    1944	    1942	    3709
1939	    1944	    1941	    3709
1947	    1944	    1950	    3709
1950	    1944	    1946	    3709
1946	    1944	    1938	    3709
1941	    1944	    1941	    3709
1945	    1944	    1949	    3709
1946	    1944	    1947	    3709
1948	    1944	    1945	    3709
1944	    1944	    1943	    3709
1945	    1944	    1943	    3709
1941	    1944	    1947	    3709
1947	    1944	    1950	    3709
1946	    1944	    1945	    3709
1947	    1944	    1943	    3709
1940	    1944	    1943	    3709
1943	    1944	    1945	    3709
1948	    1944	    1948	    3709
1948	    1944	    1944	    3709
1945	    1944	    1943	    3709
1939	    1944	    1939	    3709
1944	    1944	    1948	    3709
1950	    1944	    1948	    3709
1942	    1944	    1941	    3709
1940	    1944	    1943	    3709
1940	    1944	    1949	    3709
1954	    1944	    1949	    3709
1946	    1944	    1939	    3709
1939	    1944	    1935	    3709
1944	    1944	    1949	    3709
1950	    1944	    1950	    3709
1946	    1944	    1940	    3709
1938	    1944	    1941	    3709
1940	    1944	    1947	    3709
1947	    1944	    1951	    3709
1944	    1944	    1946	    3709
1941	    1944	    1942	    3709
1946	    1944	    1947	    3709
1947	    1944	    1946	    3709
1941	    1944	    1941	    3709
1941	    1944	    1943	    3709
1948	    1944	    1949	    3709
1948	    1944	    1944	    3709
1940	    1944	    1939	    3709
1939	    1944	    1946	    3709
1947	    1944	    1951	    3709
1946	    1944	    1944	    3709
1943	    1944	    1941	    3709
1946	    1944	    1944	    3709
1947	    1944	    1944	    3709
1943	    1944	    1942	    3709
1942	    1944	    1944	    3709
1945	    1944	    1947	    3709
1949	    1944	    1945	    3709
1944	    1944	    1942	    3709
1946	    1944	    1943	    3709
1941	    1944	    1946	    3709
1943	    1944	    1945	    3709
1942	    1944	    1946	    3709
1941	    1944	    1943	    3709
1946	    1944	    1946	    3709
1951	    1944	    1945	    3709
1944	    1944	    1940	    3709
1940	    1944	    1942	    3709
1945	    1944	    1949	    3709
1948	    1944	    1947	    3709
1948	    1944	    1942	    3709
1943	    1944	    1940	    3709
1941	    1944	    1945	    3709
1947	    1944	    1949	    3709
1950	    1944	    1946	    3709
1941	    1944	    1938	    3709
1940	    1944	    1943	    3709
1949	    1944	    1950	    3709
1948	    1944	    1944	    3709
1941	    1944	    1938	    3709
1942	    1944	    1945	    3709
1948	    1944	    1950	    3709
1943	    1944	    1943	    3709
1939	    1944	    1943	    3709
1947	    1944	    1949	    3709
1949	    1944	    1946	    3709
1937	    1944	    1939	    3709
1946	    1944	    1948	    3709
1945	    1944	    1946	    3709
1941	    1944	    1943	    3709
1947	    1944	    1944	    3709
1945	    1944	    1949	    3709
1944	    1944	    1944	    3709
1948	    1944	    1946	    3709
1944	    1944	    1943	    3709
1940	    1944	    1943	    3709
1945	    1944	    1947	    3709
1950	    1944	    1947	    3709
1946	    1944	    1941	    3709
1942	    1944	    1941	    3709
1944	    1944	    1947	    3709
1946	    1944	    1946	    3709
1942	    1944	    1943	    3709
1944	    1944	    1945	    3709
1950	    1944	    1948	    3709
1946	    1944	    1941	    3709
1938	    1944	    1940	    3709
1944	    1944	    1948	    3709
1951	    1944	    1950	    3709
1943	    1944	    1940	    3709
1938	    1944	    1940	    3709
1945	    1944	    1949	    3709
1951	    1944	    1949	    3709
1948	    1944	    1940	    3709
1940	    1944	    1939	    3709
1943	    1944	    1946	    3709
1949	    1944	    1948	    3709
1948	    1944	    1943	    3709
1944	    1944	    1939	    3709
1944	    1944	    1943	    3709
1950	    1944	    1946	    3709
1946	    1944	    1941	    3709
1943	    1944	    1943	    3709
1944	    1944	    1947	    3709
1945	    1944	    1948	    3709
1944	    1944	    1946	    3709
1944	    1944	    1946	    3709
1947	    1944	    1946	    3709
1946	    1944	    1944	    3709
1942	    1944	    1942	    3709
1944	    1944	    1947	    3709
1946	    1944	    1948	    3709
1944	    1944	    1941	    3709
1944	    1944	    1944	    3709
1940	    1944	    1945	    3709
1945	    1944	    1948	    3709
1947	    1944	    1947	    3709
1943	    1944	    1943	    3709
1947	    1944	    1945	    3709
1947	    1944	    1946	    3709
1943	    1944	    1942	    3709
1945	    1944	    1943	    3709
1946	    1944	    1945	    3709
1945	    1944	    1943	    3709
1946	    1944	    1945	    3709
1943	    1944	    1944	    3709
1942	    1944	    1944	    3709
1945	    1944	    1947	    3709
1946	    1944	    1945	    3709
1944	    1944	    1942	    3709
1938	    1944	    1945	    3709
1950	    1944	    1949	    3709
1946	    1944	    1944	    3709
1941	    1944	    1941	    3709
1945	    1944	    1948	    3709
1946	    1944	    1948	    3709
1946	    1944	    1944	    3709
1944	    1944	    1943	    3709
1943	    1944	    1945	    3709
1942	    1944	    1946	    3709
1947	    1944	    1947	    3709
1950	    1944	    1944	    3709
1946	    1944	    1942	    3709
1939	    1944	    1941	    3709
1944	    1944	    1948	    3709
1951	    1944	    1949	    3709
1946	    1944	    1942	    3709
1938	    1944	    1940	    3709
1942	    1944	    1948	    3709
1947	    1944	    1950	    3709
1945	    1944	    1942	    3709
1942	    1944	    1943	    3709
1944	    1944	    1947	    3709
1943	    1944	    1946	    3709
